((("dic" .
   [1 0 0])
  ("fmt" .
   [1 0 0])
  ("Union" .
   [0 0 0 0 1])
  ("A" .
   [1])
  ("t" .
   [1])
  ("float32" .
   [0 0 1 0 0 0 0])
  ("B" .
   [2])
  ("code" .
   [3 0 1 0])
  ("struct" .
   [0 0 0 0 0 2])
  ("typ" .
   [2 0 0])
  ("Duration" .
   [0 0 1 0 0 0 0 0])
  ("time" .
   [0 0 0 1])
  ("s" .
   [2])
  ("api" .
   [1 0 0])
  ("controllers" .
   [0 0 0 0 0 1 0 0 0 0 0])
  ("Get" .
   [1 0 0])
  ("m" .
   [1])
  ("OrderIds" .
   [0 1 1 0 0 0 0 0])
  ("OrderId" .
   [1 0 0 0 0 0 0])
  ("delOrdersReq" .
   [1 0 0 4 1 0 0 0 0 0 0 0])
  ("DelOrdersReq" .
   [1 0 0 0 0 0 0 0 0 0 0 1])
  ("string" .
   [4 0 0 0 0 0])
  ("real" .
   [0 0 0 1])
  ("Print" .
   [0 0 0 0 1])
  ("mongoDb" .
   [0 0 1 0 0 0 0])
  ("NewMongoDb" .
   [1 0 0 0 0 0 0 0 0 0])
  ("New" .
   [1 0 0])
  ("Mongo" .
   [0 0 0 0 1])
  ("int64" .
   [2 0 0 1 0])
  ("MongoOpt" .
   [1 0 0 0 0 0 0 0])
  ("error" .
   [2 0 0 5 0])
  ("MongoDb" .
   [1 1 0 0 0 0 0])
  ("in" .
   [1 0])
  ("interface" .
   [0 0 0 1 0 5 0 0 0])
  ("echo" .
   [0 0 0 1])
  ("arg" .
   [1 0 0])
  ("slice" .
   [0 0 2 0 0])
  ("main" .
   [3 0 0 0])
  ("package" .
   [0 0 0 2 0 0 0])
  ("go-mode" .
   [2 0 0 1 0 0 0])
  ("require" .
   [0 0 0 0 0 0 4])
  ("import" .
   [0 0 1 1 0 3])
  ("path" .
   [1 0 0 1])
  ("append" .
   [0 2 0 0 0 0])
  ("base64" .
   [0 0 0 1 0 0])
  ("from" .
   [0 0 0 1])
  ("proto" .
   [0 0 0 1 0])
  ("doc_attribute_pb2" .
   [0 0 0 1 0 0 0 0 0 0 0 0 0 0 0 0 0])
  ("Doc" .
   [2 0 0])
  ("red" .
   [1 0 0])
  ("key" .
   [1 0 0])
  ("b16decode" .
   [0 1 0 0 0 0 0 0 0])
  ("b64_str" .
   [0 0 0 1 0 0 0])
  ("doc" .
   [2 0 0])
  ("pb_str" .
   [0 0 0 1 0 0])
  ("make" .
   [1 0 0 0])
  ("int" .
   [4 0 0])
  ("select" .
   [0 0 0 1 0 0])
  ("ch" .
   [2 0])
  ("cap" .
   [0 0 1])
  ("chan" .
   [0 0 0 1])
  ("Println" .
   [0 1 1 0 0 0 0])
  ("alias" .
   [0 0 0 0 1])
  ("auto-highlight-symbol-mode-set-explicitly" .
   [0 0 0 0 0 0 1 0 0 0 0 0 0 0 0 0 0 0 0 0 0 0 0 0 0 0 0 0 0 0 0 0 0 0 0 0 0 0 0 0 0])
  ("init-ace" .
   [1 0 0 0 0 0 0 0])
  ("not" .
   [1 0 0])
  ("provide" .
   [0 0 0 0 0 0 1])
  ("init-magit" .
   [1 0 0 0 0 0 0 0 0 0])))
